Date	IBEX	SAN.MC	BBVA.MC	REP.MC	ITX.MC	TL5.MC
22/07/2019	9163.5	3.708322	4.391994	12.172137	27.158724	5.758
23/07/2019	9281.599609	3.843601	4.516963	12.341512	27.327412	5.648
24/07/2019	9329.700195	3.846391	4.515574	13.083102	27.28772	5.68
25/07/2019	9289.900391	3.805017	4.530386	13.311987	27.31749	5.654
26/07/2019	9225.5	3.775729	4.473918	13.353188	27.436562	5.576
29/07/2019	9215.400391	3.751555	4.445221	13.339454	27.267874	5.518
30/07/2019	8986.599609	3.612557	4.310532	13.156345	26.76181	5.354
31/07/2019	8971	3.591638	4.257767	13.170079	26.821348	5.322
01/08/2019	9038.200195	3.60326	4.291092	13.064791	27.347256	5.274
02/08/2019	8897.599609	3.491225	4.186025	12.648218	26.831272	5.292
05/08/2019	8777.200195	3.437764	4.128631	12.433066	26.176365	5.196
06/08/2019	8699.400391	3.369892	4.086049	12.272846	25.759607	5.214
07/08/2019	8746.099609	3.3592	4.079569	12.048538	26.087061	5.324
08/08/2019	8869	3.435439	4.181859	12.112626	26.523663	5.32
09/08/2019	8757.799805	3.360594	4.106414	12.011917	26.295439	5.206
12/08/2019	8676.400391	3.30109	3.958302	11.860853	26.136675	5.152
13/08/2019	8695.099609	3.33921	4.029582	11.984451	26.037445	5.24
14/08/2019	8522.700195	3.226245	3.928217	11.627389	25.620687	5.29
15/08/2019	8519	3.230429	3.919423	11.425969	25.392464	5.254
16/08/2019	8670.400391	3.333632	4.041152	11.421392	25.789375	5.53
19/08/2019	8733.299805	3.299231	3.951359	11.737254	26.404591	5.652
20/08/2019	8618.299805	3.245305	3.894428	11.494637	26.126751	5.478
21/08/2019	8701.5	3.239726	3.916645	11.718944	26.930498	5.8
22/08/2019	8716.400391	3.279706	4.003662	11.70521	27.00988	6.006
23/08/2019	8649.5	3.22392	3.924977	11.490058	26.841192	6.022
26/08/2019	8679.200195	3.249489	3.958302	11.531258	26.682428	6
27/08/2019	8728.900391	3.222061	3.971725	11.490058	26.950344	5.978
28/08/2019	8747.099609	3.22578	3.956451	11.792187	27.337334	5.85
29/08/2019	8794.299805	3.215088	4.001348	11.961561	27.486177	5.85
30/08/2019	8812.900391	3.198352	3.98885	12.103472	27.902935	5.758
02/09/2019	8815.5	3.193239	3.959691	12.240803	27.635019	5.966
03/09/2019	8809.200195	3.159767	3.967559	12.18587	27.654865	5.896
04/09/2019	8856.599609	3.16767	3.992553	12.414756	27.585403	6.004
05/09/2019	8992.700195	3.279241	4.161956	12.611597	28.319693	6.17
06/09/2019	8990.099609	3.28296	4.156402	12.46511	28.428843	6.19
09/09/2019	9010.599609	3.362453	4.260081	12.707729	28.567762	6.24
10/09/2019	9078.200195	3.459148	4.347097	12.959503	28.389153	6.122
11/09/2019	9059.5	3.449851	4.329046	12.831327	27.28772	6.186
12/09/2019	9082.299805	3.466121	4.377645	12.666531	26.97019	6.162
13/09/2019	9137.900391	3.552588	4.504004	12.803862	26.702274	6.136
16/09/2019	9052	3.501452	4.438742	12.941193	26.354975	6.056
17/09/2019	9004.200195	3.399644	4.348486	12.831327	26.454205	6.002
18/09/2019	9031.700195	3.366173	4.343857	12.877105	26.424435	5.986
19/09/2019	9136	3.461937	4.429022	13.055635	26.930498	5.982
20/09/2019	9179	3.495873	4.53594	13.009859	27.059496	6.162
23/09/2019	9093.599609	3.399644	4.337378	13.096835	27.406794	6.04
24/09/2019	9118.200195	3.374076	4.323029	12.968658	27.625095	6
25/09/2019	9085.299805	3.387092	4.328583	12.895415	27.496098	5.866
26/09/2019	9129.700195	3.381979	4.345708	12.959503	27.684631	5.936
27/09/2019	9184.099609	3.440088	4.394308	13.096835	27.902935	5.95
30/09/2019	9244.599609	3.474024	4.425319	13.128879	28.180773	5.914
01/10/2019	9165.900391	3.416379	4.351263	13.096835	27.952547	6.014
02/10/2019	8912.200195	3.269943	4.183248	12.790129	27.079342	5.826
03/10/2019	8902.200195	3.26204	4.183248	12.574975	27.208338	5.794
04/10/2019	8961.799805	3.279706	4.198059	12.620753	27.595325	5.742
07/10/2019	9044.099609	3.307598	4.246195	12.904571	27.912855	5.75
08/10/2019	8940.099609	3.273197	4.170751	12.762662	27.28772	5.68
09/10/2019	8991.900391	3.294582	4.171214	12.899994	27.565559	5.642
10/10/2019	9104.400391	3.380584	4.284149	13.101413	27.982317	5.69
11/10/2019	9273.799805	3.525626	4.462025	13.325721	28.349461	5.638
14/10/2019	9246.5	3.49076	4.384914	13.298254	28.190695	5.65
15/10/2019	9356.099609	3.621855	4.493248	13.472207	28.309771	5.65
16/10/2019	9386.700195	3.645099	4.548597	13.490519	28.52807	5.504
17/10/2019	9340	3.586989	4.472433	13.435586	28.319693	5.542
18/10/2019	9329.799805	3.598146	4.521159	13.275366	28.230387	5.584
21/10/2019	9402.299805	3.686938	4.628547	13.339454	28.299847	5.574
22/10/2019	9380.200195	3.686473	4.623816	13.36692	28.071623	5.592
23/10/2019	9385	3.706463	4.643685	13.52714	27.833473	5.588
24/10/2019	9391.799805	3.672062	4.62287	13.664472	27.932701	5.534
25/10/2019	9430.200195	3.702279	4.621924	13.723982	28.061699	5.542
28/10/2019	9433	3.699489	4.619085	13.838424	28.121235	5.538
29/10/2019	9400.099609	3.687868	4.594958	13.778914	28.270077	5.468
30/10/2019	9284.5	3.538121	4.479528	13.678204	28.280001	5.402
31/10/2019	9257.5	3.427957	4.468648	13.458474	27.950001	5.48
01/11/2019	9328	3.443218	4.478109	13.865891	28.24	5.462
04/11/2019	9416.400391	3.555766	4.6153	14.163443	28.209999	5.476
05/11/2019	9407.900391	3.608225	4.687208	14.113088	28.09	5.456
06/11/2019	9398.400391	3.593441	4.6399	13.852158	28.48	5.548
07/11/2019	9447.299805	3.668315	4.720323	13.865891	28.280001	5.574
08/11/2019	9393.700195	3.588196	4.690992	13.769759	27.52	5.634
11/11/2019	9388.5	3.567212	4.677273	13.760604	27.6	5.666
12/11/2019	9306.700195	3.529537	4.651727	13.751448	27.120001	5.734
13/11/2019	9194.5	3.406497	4.500344	13.476786	27.389999	5.682
14/11/2019	9173.299805	3.384082	4.484732	13.362343	27.65	5.686
15/11/2019	9261.400391	3.408881	4.510751	13.449319	27.98	5.686
18/11/2019	9258	3.376452	4.480474	13.394386	28.1	5.646
19/11/2019	9259.200195	3.388851	4.505548	13.380653	27.639999	5.644
20/11/2019	9225.400391	3.374067	4.471486	13.316566	27.34	5.658
21/11/2019	9214	3.403635	4.504601	13.225011	27.549999	5.678
22/11/2019	9254.700195	3.444649	4.539136	13.36692	27.49	5.898
25/11/2019	9319.900391	3.467063	4.556166	13.440164	27.719999	5.95
26/11/2019	9324.799805	3.42748	4.533459	13.357764	27.92	5.92
27/11/2019	9362.700195	3.437018	4.568466	13.275366	27.9	5.978
28/11/2019	9359	3.402204	4.548124	13.188389	28.23	6.112
29/11/2019	9352	3.37359	4.523997	13.083102	28.26	5.926
02/12/2019	9156.299805	3.321131	4.440737	12.950349	27.67	5.754
03/12/2019	9135.700195	3.292041	4.406202	12.904571	27.9	5.614
04/12/2019	9270.799805	3.388374	4.474325	13.138035	28.040001	5.734
05/12/2019	9243.400391	3.37359	4.469594	13.128879	28.040001	5.654
06/12/2019	9382.700195	3.419373	4.525417	13.398964	28.92	5.75
09/12/2019	9354.599609	3.423188	4.499871	13.238744	28.73	5.67
10/12/2019	9321.099609	3.417465	4.503655	13.138035	28.620001	5.666
11/12/2019	9392.5	3.396959	4.507913	13.138035	30.120001	5.664
12/12/2019	9468.5	3.517614	4.655985	13.160922	30.16	5.678
13/12/2019	9563.700195	3.539552	4.68295	13.115146	30.549999	5.664
16/12/2019	9680.599609	3.623009	4.79223	13.183811	31.1	5.674
17/12/2019	9615.900391	3.591534	4.776145	13.168718	31.030001	5.574
18/12/2019	9621.799805	3.621102	4.820614	13.187585	31.1	5.548
19/12/2019	9617.200195	3.620625	4.876437	13.187585	31.27	5.52
20/12/2019	9675.5	3.6459	4.865083	13.286633	31.43	5.578
23/12/2019	9659.599609	3.591057	4.815884	13.347949	31.66	5.59
24/12/2019	9661.799805	3.581519	4.788445	13.352665	31.77	5.52
25/12/2019	9681.149903	3.581519	4.788445	13.352665	31.77	5.52
27/12/2019	9700.5	3.58295	4.76763	13.395115	32.150002	5.584
30/12/2019	9612.599609	3.569597	4.735461	13.324366	31.75	5.576
31/12/2019	9549.200195	3.557674	4.714646	13.140419	31.450001	5.66
02/01/2020	9691.200195	3.687391	4.834806	13.267767	31.75	5.616
03/01/2020	9646.599609	3.630163	4.781822	13.432847	31.809999	5.596
06/01/2020	9600.900391	3.600118	4.761007	13.536613	31.530001	5.606
07/01/2020	9579.799805	3.58295	4.740192	13.423414	31.93	5.67
08/01/2020	9591.400391	3.585334	4.785607	13.546045	32	5.658
09/01/2020	9581.799805	3.594395	4.806422	13.366816	31.870001	5.53
10/01/2020	9573.599609	3.545751	4.727892	13.508313	31.57	5.478
13/01/2020	9543.900391	3.521429	4.657404	13.437564	31.59	5.438
14/01/2020	9528.299805	3.451802	4.597324	13.428131	31.5	5.496
15/01/2020	9511.700195	3.416988	4.519267	13.300783	31.379999	5.448
16/01/2020	9572.5	3.466109	4.529674	13.343233	31.280001	5.448
17/01/2020	9681.299805	3.507599	4.547651	13.244184	31.75	5.484
20/01/2020	9658.799805	3.466109	4.50744	13.130986	31.18	5.518
21/01/2020	9611.299805	3.450848	4.492301	12.994205	31.280001	5.492
22/01/2020	9573.700195	3.411742	4.444994	12.829124	31.030001	5.336
23/01/2020	9518.5	3.406974	4.412825	12.385765	31.02	5.24
24/01/2020	9562	3.376452	4.358895	12.357466	31.139999	5.2
27/01/2020	9366.299805	3.315409	4.287461	11.932972	30.459999	5.17
28/01/2020	9484.200195	3.386944	4.352745	12.04617	30.93	5.176
29/01/2020	9546.700195	3.536213	4.416137	12.069754	31.030001	5.134
30/01/2020	9477.900391	3.497108	4.454929	11.86694	30.92	5.088
31/01/2020	9367.900391	3.389805	4.417083	11.758458	30.370001	4.951
03/02/2020	9404.700195	3.397912	4.413771	11.588661	30.549999	4.96
04/02/2020	9562.900391	3.520476	4.527782	11.86694	31.26	4.979
05/02/2020	9717.799805	3.618717	4.661662	12.069754	31.43	5.072
06/02/2020	9811.299805	3.653054	4.825345	12.098053	31.959999	5.09
07/02/2020	9811	3.680714	4.945506	12.032021	31.889999	5.106
10/02/2020	9816	3.659254	4.959698	11.876373	31.85	5.084
11/02/2020	9882.599609	3.691206	4.951182	12.022587	32	4.982
12/02/2020	9940.400391	3.772279	5.042012	12.04617	31.5	5.132
13/02/2020	9909.799805	3.757018	5.012682	11.947122	31.25	5.064
14/02/2020	9956.799805	3.742234	4.960644	11.932972	31.43	5.086
17/02/2020	10022.2002	3.770371	4.946452	11.815057	31.48	5.132
18/02/2020	10005.79981	3.716005	4.889683	11.645261	31.700001	5.046
19/02/2020	10083.59961	3.736034	4.89536	11.649977	32.080002	5.012
20/02/2020	9931	3.671176	4.82913	11.598094	31.58	5
21/02/2020	9886.200195	3.607271	4.834806	11.277366	31.59	4.942
24/02/2020	9483.5	3.453233	4.64747	10.673642	29.620001	4.582
25/02/2020	9250.799805	3.346407	4.497979	10.343481	29.309999	4.688
26/02/2020	9316.799805	3.381698	4.486152	10.249149	29.25	4.866
27/02/2020	8985.900391	3.261519	4.302126	9.914272	28.1	4.619
28/02/2020	8723.200195	3.173292	4.10107	9.555811	28.129999	4.57
02/03/2020	8741.5	3.104619	4.055182	9.635993	27.91	4.375
03/03/2020	8811.599609	3.08602	4.020175	9.763341	27.92	4.395
04/03/2020	8910	3.143248	4.093501	9.706741	28.26	4.241
05/03/2020	8683	2.983009	3.901433	9.518078	27.690001	3.956
06/03/2020	8375.599609	2.903844	3.814861	9.055853	26.84	3.94
09/03/2020	7708.700195	2.556184	3.311038	7.686154	25.51	3.595
10/03/2020	7461.5	2.529477	3.265623	7.810672	24.32	3.672
11/03/2020	7436.399902	2.613889	3.351249	7.846519	23.549999	3.546
12/03/2020	6390.899902	2.173233	2.846007	6.791889	21.07	3.023
13/03/2020	6629.600098	2.153203	2.880542	7.114504	21.299999	3.147
16/03/2020	6107.200195	1.924768	2.49546	6.390036	20.17	2.89
17/03/2020	6498.5	2.074515	2.668132	6.384376	21.059999	2.95
18/03/2020	6274.799805	1.945752	2.562637	5.793859	20.719999	2.81
19/03/2020	6395.799805	1.948613	2.65252	5.688208	20.75	2.851
20/03/2020	6443.299805	2.011564	2.730577	5.818385	21.58	2.8
23/03/2020	6230.200195	2.017287	2.634544	5.859891	21	2.666
24/03/2020	6717.299805	2.259552	2.924538	6.778683	23.57	2.85
25/03/2020	6942.399902	2.358747	3.087748	6.956027	23.5	3.153
26/03/2020	7033.200195	2.344917	3.102886	7.216383	24	3.2
27/03/2020	6777.899902	2.205662	2.93731	6.929614	22.99	3.2
30/03/2020	6659.899902	2.11219	2.762747	7.16167	22.709999	3.222
31/03/2020	6785.399902	2.115528	2.758489	7.859725	23.66	3.376
01/04/2020	6579.399902	2.047332	2.58014	7.640876	22.51	3.202
02/04/2020	6574.100098	2.052101	2.529995	8.101214	21.879999	3.182
03/04/2020	6581.600098	2.000118	2.600009	7.78426	21.98	3.07
06/04/2020	6844.299805	2.130789	2.811	7.725774	23.299999	3.284
07/04/2020	7002	2.144142	2.927	7.984243	24.49	3.378
08/04/2020	6951.799805	2.11219	2.959	7.888025	24.34	3.356
09/04/2020	7070.600098	2.064977	3.004	7.816333	25.26	3.35
14/04/2020	7108.600098	2.02301	2.935	7.588049	26.360001	3.37
15/04/2020	6839.5	1.908554	2.731	7.014512	25.76	3.326
16/04/2020	6763.399902	1.877651	2.624	6.916407	24.469999	3.298
17/04/2020	6875.799805	1.868876	2.664	7.344673	25.549999	3.4
20/04/2020	6831.5	1.860864	2.658	7.295621	25.059999	3.352
21/04/2020	6634.899902	1.783987	2.479	6.865468	24.35	3.31
22/04/2020	6719.799805	1.835302	2.585	6.974893	24	3.374
23/04/2020	6746.5	1.904739	2.704	7.395613	23.450001	3.338
24/04/2020	6613.899902	1.816035	2.593	7.303168	22.99	3.296
27/04/2020	6731.799805	1.878795	2.686	7.3692	23.780001	3.302
28/04/2020	6836.399902	1.968643	2.927	7.463532	23.32	3.24
29/04/2020	7055.700195	2.0645	3.162	8.020089	24.09	3.248
30/04/2020	6922.299805	2.0375	2.987	7.842746	23.25	3.274
04/05/2020	6673.299805	1.9594	2.8	7.231475	21.75	3.126
05/05/2020	6747.700195	1.991	2.8	8.186113	21.9	3.06
06/05/2020	6671.700195	1.9366	2.719	8.023862	22.219999	3.032
07/05/2020	6730.899902	1.959	2.693	8.276671	23.379999	3.15
08/05/2020	6783.100098	1.998	2.727	8.144607	23.120001	3.216
11/05/2020	6672.200195	1.9416	2.647	8.021976	23.110001	3.272
12/05/2020	6762.700195	1.9546	2.662	7.884251	24.33	3.3
13/05/2020	6631.399902	1.8736	2.541	7.612576	23.540001	3.3
14/05/2020	6545.600098	1.8712	2.609	7.71068	22.58	3.228
15/05/2020	6474.899902	1.8338	2.578	7.644649	22.440001	3.25
18/05/2020	6779.299805	1.931	2.722	8.150268	23.5	3.252
19/05/2020	6609.100098	1.8232	2.599	8.061595	23.059999	3.004
20/05/2020	6683.600098	1.8848	2.583	8.242712	23.35	2.936
21/05/2020	6686.100098	1.8582	2.566	7.967264	23.280001	2.942
22/05/2020	6697.5	1.8958	2.589	7.821992	23.15	3.056
25/05/2020	6856.799805	1.9366	2.65	7.921984	23.549999	3.124
26/05/2020	7003.899902	2.05	2.825	8.127627	23.83	3.186
27/05/2020	7174.5	2.15	2.921	8.37289	24.49	3.174
28/05/2020	7224.100098	2.1325	2.931	8.36723	25.35	3.294
29/05/2020	7096.5	2.0375	2.793	7.895571	25.049999	3.198
01/06/2020	7221.399902	2.0725	2.861	8.127627	25.17	3.232
02/06/2020	7408.100098	2.1635	3.005	8.467222	25.74	3.346
03/06/2020	7626.399902	2.2325	3.16	8.60872	26.74	3.536
04/06/2020	7566.799805	2.2695	3.212	8.533254	26.27	3.496
05/06/2020	7872.600098	2.527	3.527	8.98982	26.9	3.656
08/06/2020	7896.100098	2.555	3.55	9.17471	26.309999	3.824
09/06/2020	7752.299805	2.5005	3.408	8.712484	25.68	3.638
10/06/2020	7663.899902	2.4305	3.313	8.637019	26.17	3.408
11/06/2020	7278	2.2045	3.095	8.095554	24.790001	3.232
12/06/2020	7292.700195	2.213	3.129	8.195546	24.41	3.132
15/06/2020	7259.299805	2.1505	3.055	8.188	23.92	3.22
16/06/2020	7495.299805	2.25	3.153	8.42	24.76	3.202
17/06/2020	7478.700195	2.247	3.159	8.23	25.09	3.272
18/06/2020	7390.200195	2.186	3.101	8.206	24.75	3.234
19/06/2020	7414.200195	2.153	3.106	8.298	24.950001	3.19
22/06/2020	7345.700195	2.1295	3.063	8.132	24.48	3.112
23/06/2020	7438.399902	2.2345	3.185	8.3	24.5	3.204
24/06/2020	7195.5	2.135	3.032	7.868	23.99	3.092
25/06/2020	7270.299805	2.1885	3.071	8	24	3.19
26/06/2020	7178.399902	2.1215	2.998	7.77	23.75	3.152
29/06/2020	7278.100098	2.207	3.082	7.866	23.91	3.25
30/06/2020	7231.399902	2.1745	3.064	7.786	23.57	3.292
01/07/2020	7227.399902	2.143	3.008	7.886	23.49	3.24
02/07/2020	7498.600098	2.2855	3.227	8.036	24.33	3.326
03/07/2020	7403.5	2.2275	3.147	7.816	24	3.31
06/07/2020	7556.200195	2.337	3.307	7.974	24.4	3.304
07/07/2020	7447.399902	2.2675	3.226	7.87	23.85	3.31
08/07/2020	7326.399902	2.216	3.119	7.74	23.35	3.242
09/07/2020	7236.899902	2.1745	3.075	7.532	23.18	3.194
10/07/2020	7321.100098	2.22	3.146	7.624	23.129999	3.176
13/07/2020	7426.899902	2.246	3.205	7.784	23.35	3.202
14/07/2020	7352	2.224	3.169	7.986	22.77	3.236
15/07/2020	7487.600098	2.267	3.25	7.906	23.24	3.34
16/07/2020	7474.700195	2.2605	3.262	8.014	23	3.32
17/07/2020	7440.399902	2.215	3.216	7.874	22.99	3.266
